20.0
! 0 4
" 0 6
# 0 14
$ 0 13
% 0 15
& 0 14
' 0 3
( 0 5
) 0 5
* 0 6
+ 0 11
, 0 3
- 0 6
. 0 3
/ 0 8
0 0 14
1 0 4
2 0 12
3 0 11
4 0 13
5 0 11
6 0 13
7 0 12
8 0 13
9 0 12
: 0 3
; 0 3
< 0 10
= 0 11
> 0 10
? 0 12
@ 0 14
A 0 14
B 0 12
C 0 11
D 0 13
E 0 11
F 0 11
G 0 12
H 0 11
I 0 3
J 0 10
K 0 11
L 0 9
M 0 15
N 0 12
O 0 13
P 0 12
Q 0 13
R 0 12
S 0 13
T 0 12
U 0 12
V 0 14
W 0 20
X 0 12
Y 0 13
Z 0 11
[ 0 6
\ 0 8
] 0 5
^ 0 11
_ 0 9
` 0 5
a 0 10
b 0 10
c 0 9
d 0 10
e 0 9
f 0 7
g 0 10
h 0 9
i 0 3
j 0 5
k 0 10
l 0 3
m 0 14
n 0 10
o 0 10
p 0 10
q 0 10
r 0 8
s 0 10
t 0 7
u 0 9
v 0 12
w 0 16
x 0 10
y 0 9
z 0 10
{ 0 7
| 0 2
} 0 7
~ 0 11
  0 8
